--Chips--
Coefs:
[0, 0.05, 0.05, 0, 0.0023329633701751687, 0, 0.010136996130500944, 0.05, 0.05, 0, 0.05, 0.015651521499752366, 0.05, 0, 0, 0.05, 0, 0, 0.05, 0, 0.05, 0.042982044060195006, 0, 0, 0.047667036629824834, 0.05, 0.03424389379281538, 0.04259372665100217, 0.05, 0.05, 0.05, 0.05, 0.05, 0.0034201091033377543, 0, 0, 0, 0.05, 0, 0.05, 0, 0, 0.015756106207184623, 0.05, 0.05, 0, 0.05, 0.007017955939804997, 0.05, 0.05, 0.05, 0.03434847850024764, 0, 0.05, 0, 0.04418656698868744, 0.05, 0.05, 0.02652562581722104, 0.05, 0, 0.006935304246462312, 0.05, 0.0, 0, 0.018090324049418946, 0.05, 0, 0, 0.05, 0, 0, 0, 0.04418656698868744, 0.04259372665100217, 0, 0, 0.05, 0, 0.05, 0.05, 0.05, 0.013557105233838698, 0.05, 0.05, 0, 0, 0, 0.010834133864723428, 0, 0.05, 0.05, 0.05, 0.05, 0.05, 0, 0.04306469575353769, 0.05, 0.05, 0.05, 0, 0.05, 0.05, 0, 0, 0, 0.03190967595058106, 0.05, 0.05, 0.007060999397118781, 0.05, 0.05, 0.04293900060288122, 0.039165866135276575, 0, 0.05, 0, 0.02347437418277896]
[1.0331765874291359, 2.5796294450257697, 0, 0, 0, 0.3751738210776027, 0, 0.0747624171076128, 0.5095601264247605, 0, 0, 0, 0.31047740467275253, 0, 0, 1.7637924506652907, 0, 0, 0.4270374641140971, 0.27823896067526094, 0.24736345620359312, 2.2548106091572557, 0.3576908783240072, 1.4266277576903326, 1.5540313722272212, 0, 1.4426824117452615, 0, 1.0451445999204285, 0.2252516986180836, 0.1086019150291936, 1.0860444140608965, 0, 1.6719820721701946, 0, 0, 0, 0, 0.0008525938506931913, 0.20978521997254274, 0, 0, 2.7437461813846302, 0.20467971617929046, 0, 0, 0, 0, 0.1694421346183094, 0.32517823629951964, 0, 0, 0, 0, 0.9674485373893391, 0.4716174650946523, 6.395749067578054, 3.9294566306475334, 0, 2.4218188308819624, 0.23918985101647364, 0.0649243457832627, 0, 0, 0.27823896067526094, 0.0008525938506931913, 0.10089967811611368, 0, 0, 0, 1.3944511185399093, 0.07128755365627892, 0.4086604483086468, 0.23564760778755878, 0, 0, 1.7234735068455307, 0.20467971617929046, 0.4716174650946523, 1.4426824117452615, 0.2252516986180836, 0.32517823629951964, 0, 0, 0, 0.4439116861665162, 0, 0, 0, 0, 1.587317924209753, 0.10782805199617929, 3.4356292624155156, 0, 0, 0, 0, 0, 0.1086019150291936, 0, 0, 0, 0, 0, 0, 0, 3.8645322848642705, 10.0, 0, 1.3187997056941534, 0, 0.4270374641140971, 0, 0.3751738210776027, 1.0331765874291359, 0.714918693924999, 0.1968056876440612, 0.9674485373893391]
[0.0, 0.05, 0, 0.05, 0.05, 0.05, 0.05, 0, 0.05, 0, 0.05, 0.05, 0.05, 0, 0, 0.05, 0.05, 0.05, 0.05, 0, 0.05, 0.05, 0.05, 0.05, 0.05, 0.05, 0.05, 0.05, 0, 0.05, 0.05, 0, 0, 0, 0.05, 0.05, 0.05, 0, 0, 0, 0, 0.05, 0.05, 0.05, 0.05, 0.05, 0, 0, 0, 0.05, 0, 0.05, 0, 0.05, 0.05, 0.05, 0, 0, 0.05, 0.05, 0.04225512072537161, 0, 0, 0, 0.05, 0, 0.05, 0, 0.05, 0.05, 0, 0.05, 0.05, 0.05, 0, 0, 0.05, 0.05, 0.05, 0.05, 0.05, 0.05, 0, 0.05, 0.05, 0.007744879274628393, 0.05, 0.05, 0.05, 0.05, 0.05, 0, 0.05, 0, 0.035428581772121576, 0, 0.05, 0, 0, 0, 0, 0.05, 0, 0.05, 0.05, 0, 0, 0.05, 0.05, 0.05, 0, 0, 0.014571418227878427, 0.05, 0.05, 0, 0.05, 0.05]
Kernel errors:
	gaussian: 53.389830508474574
	linear: 54.23728813559322
	polynomial: 40.67796610169491
Kernels param:
	gaussian: 2.5000000000000013
	linear: -1
	polynomial: 3
Best C param: 10.0
