--Geyser--
Coefs:
[0.10761315952176487, 0, 0, 0.4885197014028584, 0, 0, 10.0, 0, 0, 0, -3.891903064028462, 0, 0, 0, 0, 0, 0, -10.0, 2.414169465185113, 0, 0, -10.0, 0, 0, 0, 0, 0, 0, 0, 0, 0, -8.31452765526796, 0, 0, 0, 0, 0, 0, 3.9919572468075155, 0, 9.6459148025285, 0, 0, 0, 0, 0, 0, 0, 0, 0, 0, -0.5282132395806975, 0, 0, 0, 0, 0, 0, 0, 0, 7.989928269529082, 0, -0.004083632799738648, 0, -2.414169465185113, 0, 0, 10.0, 0, -0.9355631093612454, 8.604918412161044, 0, -10.0, 0.1988925632867794, -4.190849810094295, 0, 0, 0, 0, 0, 0, 0, 0, 0, 0, 0, 9.980790977139995, -10.0, 0, 0.5282132395806975, 0, -10.0, 0, -0.015480943528779132, -0.6980585155752661, 0, 1.3796006443101763, 0, 0, 0, -10.0, 0, 0, -0.005685617396807041, 0, 0, 0, 1.189782820710114, 0, 0, 0, 0, 0, 10.0, 0, 0, 0, -10.0, -0.4885197014028584, 0, 0, 0, -1.2973959802318789, 10.0, 0, 0, -10.0, 0, 0, 0, 0, 0, 0, 10.0, 0, 0, 0, 0, 0, 10.0, 0, 0, 0, -9.99591636720026, 0, 0.35408519747149925, 0, 0, 0, 0, 0, -10.0, 0, 0, 0, 0, 0, 0, 0, 0, 0, 0, 0, 0, 0, 0, 0, 0, 0, 0, 0, 10.0, 0, 0, 0, 0, 0, 3.891903064028462, 10.0, -10.0, 0, 0, 0, -10.0, 0, 0, 10.0, -10.0, 0.9355631093612454, 0, -10.0, 10.0, 0, 0.030961887057557955, 0, 0, 0, 0, 0, 0, 0, 0, 0, 0, 0.005685617396807041, 0, 0, 0, 0, 0.32459938573887914, 0, 0, 0.6980585155752661, 0, 0, 0.019209022860005476, 0, 0, 0, 0, 10.0, 0]
[0, -1.8556846776813568e-09, 0, -0.00044470411729845267, -6.9001389161982815e-06, 3.92980258818454e-05, -1.0704841154676854e-05, 0, 0, -0.0006452309502351709, 0, 0.00016305067453119962, 0, 0, 0, 2.3447850621744615e-06, 0, 7.251155131073136e-07, 0, 0, -9.985352853399624e-06, 0, 0, 0.0, 0, 0, -2.6779001370806776e-08, 0, -3.025213043876609e-08, 0, 0.011025221173862676, 0, 7.652561452234965e-06, 0.0004447039837222448, 0, 0, -0.00017336870650843503, 0, 0, 0, 5.3885548195258735e-05, 0, 0.00017336870650843503, 0, 4.787336293025763e-08, 1.3289611596025383e-06, 0, 0, 0, 6.826176576739407e-07, 0, -0.011024496416584258, 0, 6.9001389161982815e-06, 0, 1.7942272578775397e-07, -0.00013249642153113054, 0, 0, 0, -0.00012141488423015866, -1.1771004119891528e-06, 7.490549230722815e-07, -0.00016305067453119962, 0, -2.805909063968036e-08, 0, -2.4593110477865975e-08, -7.337265645200429e-07, 0, 1.8566700142288426e-05, 0, -1.3289611596025383e-06, 0, 0, 0, -8.039513711521063e-07, 4.5440143809233905e-06, -5.3885548195258735e-05, 0, 0, 0, 0, 0, 2.8080255880064134e-06, 0, 0.0006452309502351709, 0, 3.256092480403676e-05, 0, 0, -7.247572784175334e-07, 0, 0.00012141488423015866, 0, 0, 5.587484209212018e-07, 0, 0, 0, -1.305299508618659e-07, 0, -2.3447850621744615e-06, 1.8556846776813568e-09, 0, 0, 4.41535832717871e-10, 0, 0, 0, -3.928542729407497e-05, 0, 0, 0, 0, 0, 0, 0, 0, 1.305299508618659e-07, 0, 0, 0, -8.362673508304241e-06, 0, 1.0704841154676854e-05, 0, 0, 0, 0, -4.5440143809233905e-06, 0, 0, 0, 0, 0, 0, 2.4593110477865975e-08, 0, 0, 0, 0.00013248395651956795, 0, -4.41535832717871e-10, 0, 1.7222102825458707e-08, -1.8575311193701156e-05, 0.0, 0, 0, 0, 0, 0, -3.256092480403676e-05, 0, 0, 0, 0, 0, 2.6779001370806776e-08, 0, 0, 0, 0, 0, 3.0057403027069315e-07, 0, 0, -2.8080255880064134e-06, 0, 0, 0, -8.158938064859977e-07, 0, 0, -9.26442286059391e-23, 0, 0, 0, 0, 0, 8.039513711521063e-07, 0, 0, 0, 0, 0, 9.985352853399624e-06, 0, -4.787336293025763e-08, 0, 9.067785121572259e-07, 0, 0, 0, 0, 0, -6.826176576739407e-07, 0, 0, 0, 0, 0, -1.8879280747399787e-08, 0, 0, 0, 8.347730872333975e-07, 0, 0, -7.86778373431855e-08, 0, 0, 0, 0, 0, 0, 0, 7.86778373431855e-08, -7.490549230722815e-07, 0, 0]
[0, 0, 0, 0, 0, 0, 0, 0, 0, 0, 0, 0, 0, 0, 0, 0, 0, 0, 0, 0, 0, 0, 0, 0, 0, 0, 0, 0, 0, 0, 0, 0, 0, 0, 0, 0, 0, 0, 0, 0, 0, 0, 0, 0, 0, 0, 0, 0, 0, 0, 0, 0, 0, 0, 0, 0, 0, 0, 0, 0, 0, 0, 0, 0, 0, 0, 0, 0, 0, 0, 0, 0, 0, 0, 0, 0, 0, 0, 0, 0, 0, 0, 0, 0, 0, 0, 0, 0, 0, 0, 0, 0, 0, 0, 0, 0, 0, 0, 0, 0, 0, 0, 0, 0, 0, 0, 0, 0, 0, 0, 0, 0, 0, 0, 0, 0, 0, 0, 0, 0, 0, 0, 0, 0, 0, 0, 0, 0, 0, 0, 0, 0, 0, 0, 0, 0, 0, 0, 0, 0, 0, 0, 0, 0, 0, 0, 0, 0, 0, 0, 0, 0, 0, 0, 0, 0, 0, 0, 0, 0, 0, 0, 0, 0, 0, 0, 0, 0, 0, 0, 0, 0, 0, 0, 0, 0, 0, 0, 0, 0, 0, 0, 0, 0, 0, 0, 0, 0, 0, 0, 0, 0, 0, 0, 0, 0, 0, 0, 0, 0, 0, 0, 0, 0, 0, 0, 0, 0, 0, 0, 0, 0, 0, 0, 0, 0, 0, 0, 0, 0, 0, 0]
Kernel errors:
	gaussian: 100.0
	polynomial: 19.36936936936937
	linear: 33.78378378378378
Kernels param:
	gaussian: 1
	polynomial: 4
	linear: -1
Best C param: 10.0
